[pub_hanoi] 增设（augment）全套实验 - 实测数值（虚拟增设：设计与模拟验证，非现场实装）
生成 2026-09-03 14:16:15 @ <workstation>；出处见 data\augment_suite_pub_hanoi.json[meta.sources]
机器：本地 Windows 工作站（calibrate.py 稠密 CPU 路径；GPU 未用）
实跑主机 ['<workstation>']；标定墙钟合计 1493s（37 条），漏损案例墙钟合计 0s（0 组）；逐条耗时见下表末列

一、增设曲线（S0 = augS0（10 个）固定不动；目标集 = S0 下传感不足的 1 根管；普查判据 max|∂p/∂C|>0 且非结构性；σ_prior=15.0，σ_noise=0.1 ft；帧 synthetic_sine_25f(seed=4242)）
  S0：可辨识 33，unobservable 1，秩 33，良态维数(σ_i>1e-2σ_1) 9，f=144.87，CRLB_ident=3.976e+13，CRLB_sub=9.186e-02，bayes_trace=3158.4
   +k |    目标 |   找回   未找回   丢失 unob   可辨识    秩 k_sub |       Δf    证书 | CRLB_ident  CRLB_sub bayes_tr | 找回管后验std中位 ≤σp/2  ≤5
    5 |  dopt |    1     0    0    0    34   34    14 |    73.91 0.719 |   1.85e+05  1.83e-01    946.5 |       0.11     1   1
    5 | cover |    1     0    0    0    34   34    14 |    73.91 0.719 |   1.85e+05  1.83e-01    946.5 |       0.11     1   1
    5 |    重选 |    1     0    0    0   （从零重选 |S0|+k 个，非增设；对照）
   10 |  dopt |    1     0    0    0    34   34    18 |   113.64 0.766 |   5.44e+02  2.43e-01    353.7 |       0.11     1   1
   10 | cover |    1     0    0    0    34   34    18 |   113.64 0.766 |   5.44e+02  2.43e-01    353.7 |       0.11     1   1
   10 |    重选 |    1     0    0    0   （从零重选 |S0|+k 个，非增设；对照）
   20 |  dopt |    1     0    0    0    34   34    20 |   155.17 0.989 |   1.66e+01  2.67e-01     16.3 |       0.11     1   1
   20 | cover |    1     0    0    0    34   34    20 |   155.17 0.989 |   1.66e+01  2.67e-01     16.3 |       0.11     1   1
   20 |    重选 |    1     0    0    0   （从零重选 |S0|+k 个，非增设；对照）
  对照 从零重选 |S0| 个（主线口径）：找回 1，丢失 0
  dopt: 找回 80%（≥0.8）最少增设 +5，全部找回 +5（-1=网格内未达）；覆盖饱和步 None；单调性逐步核对违例 0（可辨识集只增、后验方差只降、丢失恒 0）
  cover: 找回 80%（≥0.8）最少增设 +1，全部找回 +1（-1=网格内未达）；覆盖饱和步 2；单调性逐步核对违例 0（可辨识集只增、后验方差只降、丢失恒 0）
  说明：CRLB_ident = 数值秩子空间 Σσ_n²/σ_i²（被 ~1e-13·σ_1 的名义方向主导，量级无意义，只作同口径对照）；CRLB_sub = 良态子空间（σ_i>1e-2σ_1，与 calibrate.py SUB_TOL 同）。

二、σ 梯标定（calibrate.py 同引擎：perpipe 真值 seed=7、噪声按节点生成、λ=1e-4、20% 传感器留出；'找回管' = 目标集中在该配置下跨过普查阈值的管；误差 = |Ĉ−C_true|，先验误差 = |130−C_true|）
           配置     σ   种子 |   传感 info unob k_sub | info C-RMSE sub C-RMSE    (先验)    valF    valS |   找回  找回管|ΔC|中位   (先验)  ≤10   优于先验 | 强(std≤7.5)   其|ΔC|中位   (先验) | S0可辨识管中位   (先验) |  NFE     秒
        augS0  0.03  100 |   10   33    1     9 |      18.273      4.095   35.98  0.0328  0.6878 |    0        nan    nan    0      0 |          0       nan    nan |     4.25  19.68 |  668    44
        augS0  0.03  101 |   10   33    1     9 |      17.597      4.334   35.98  0.0259  0.5451 |    0        nan    nan    0      0 |          0       nan    nan |     5.57  19.68 |  657    41
        augS0  0.03  102 |   10   33    1     9 |      18.457      4.263   35.98  0.0291  1.5300 |    0        nan    nan    0      0 |          0       nan    nan |     4.71  19.68 |  603    41
     augdopt5  0.03  100 |   15   34    0    14 |       9.890     15.022   34.71  0.0313 13.8143 |    1      43.79  43.79    0      0 |          1     43.79  43.79 |     0.54  19.68 |  683    58
     augdopt5  0.03  101 |   15   34    0    14 |       9.788     15.007   34.71  0.0281 13.8113 |    1      43.79  43.79    0      0 |          1     43.79  43.79 |     0.61  19.68 |  611    48
     augdopt5  0.03  102 |   15   34    0    14 |       9.923     15.018   34.71  0.0300 13.8147 |    1      43.79  43.79    0      0 |          1     43.79  43.79 |     0.40  19.68 |  645    51
    augdopt10  0.03  100 |   20   34    0    18 |       8.230     10.365   32.05  0.0328 10.5228 |    1      43.79  43.79    0      0 |          1     43.79  43.79 |     0.35  19.68 |  646    37
    augdopt10  0.03  101 |   20   34    0    18 |       7.766     10.426   32.05  0.0258 10.5897 |    1      43.79  43.79    0      0 |          1     43.79  43.79 |     0.26  19.68 |  642    37
    augdopt10  0.03  102 |   20   34    0    18 |       7.745     10.328   32.05  0.0307 10.5176 |    1      43.79  43.79    0      0 |          1     43.79  43.79 |     0.15  19.68 |  678    39
    augdopt20  0.03  100 |   30   34    0    20 |       6.144      7.764   32.20  0.0307  4.6627 |    1       0.00  43.79    1      1 |          1      0.00  43.79 |     0.14  19.68 |  623    36
    augdopt20  0.03  101 |   30   34    0    20 |       6.188      7.723   32.20  0.0288  4.6541 |    1       0.01  43.79    1      1 |          1      0.01  43.79 |     0.09  19.68 |  678    39
    augdopt20  0.03  102 |   30   34    0    20 |       6.183      7.752   32.20  0.0299  4.6614 |    1       0.01  43.79    1      1 |          1      0.01  43.79 |     0.10  19.68 |  683    39
        augS0   0.1  100 |   10   33    1     9 |      18.695      3.878   35.98  0.1083  1.0121 |    0        nan    nan    0      0 |          0       nan    nan |     4.14  19.68 |  576    39
        augS0   0.1  101 |   10   33    1     9 |      18.474      3.365   35.98  0.0857  1.2467 |    0        nan    nan    0      0 |          0       nan    nan |     8.25  19.68 |  678    47
        augS0   0.1  102 |   10   33    1     9 |      18.713      4.286   35.98  0.0966  1.8281 |    0        nan    nan    0      0 |          0       nan    nan |     7.00  19.68 |  660    46
     augdopt5   0.1  100 |   15   34    0    14 |      11.000     15.078   34.71  0.1047 13.8112 |    1      43.79  43.79    0      0 |          1     43.79  43.79 |     1.37  19.68 |  684    46
     augdopt5   0.1  101 |   15   34    0    14 |      11.017     15.122   34.71  0.0935 13.8012 |    1      43.79  43.79    0      0 |          1     43.79  43.79 |     2.02  19.68 |  649    44
     augdopt5   0.1  102 |   15   34    0    14 |      12.284     15.113   34.71  0.0980 13.8102 |    1      43.79  43.79    0      0 |          1     43.79  43.79 |     1.44  19.68 |  612    44
    augdopt10   0.1  100 |   20   34    0    18 |      13.214     10.570   32.05  0.1095 10.5347 |    1      43.79  43.79    0      0 |          1     43.79  43.79 |     1.29  19.68 |  699    39
    augdopt10   0.1  101 |   20   34    0    18 |      10.192     10.532   32.05  0.0880 10.5736 |    1      43.79  43.79    0      0 |          1     43.79  43.79 |     1.75  19.68 |  667    37
    augdopt10   0.1  102 |   20   34    0    18 |       9.118     10.373   32.05  0.1021 10.5465 |    1      43.79  43.79    0      0 |          1     43.79  43.79 |     0.47  19.68 |  675    38
    augdopt20   0.1  100 |   30   34    0    20 |       6.580      7.962   32.20  0.1026  4.7121 |    1       0.00  43.79    1      1 |          1      0.00  43.79 |     0.42  19.68 |  643    37
    augdopt20   0.1  101 |   30   34    0    20 |       6.969      7.756   32.20  0.0960  4.6608 |    1       0.04  43.79    1      1 |          1      0.04  43.79 |     0.30  19.68 |  578    33
    augdopt20   0.1  102 |   30   34    0    20 |       7.075      7.849   32.20  0.0995  4.6823 |    1       0.02  43.79    1      1 |          1      0.02  43.79 |     0.34  19.68 |  593    34
   augcover20   0.1  100 |   30   34    0    20 |       6.580      7.962   32.20  0.1026  4.7121 |    1       0.00  43.79    1      1 |          1      0.00  43.79 |     0.42  19.68 |  643    57
        augS0   0.3  100 |   10   33    1     9 |      19.842      3.613   35.98  0.3264  3.9972 |    0        nan    nan    0      0 |          0       nan    nan |    11.68  19.68 |  573    40
        augS0   0.3  101 |   10   33    1     9 |      19.446      5.978   35.98  0.2592  5.1489 |    0        nan    nan    0      0 |          0       nan    nan |     9.60  19.68 |  606    43
        augS0   0.3  102 |   10   33    1     9 |      19.375      5.028   35.98  0.2887  1.9198 |    0        nan    nan    0      0 |          0       nan    nan |    11.80  19.68 |  575    39
     augdopt5   0.3  100 |   15   34    0    14 |      13.455     15.296   34.71  0.3142 13.8074 |    1      43.79  43.79    0      0 |          1     43.79  43.79 |     2.97  19.68 |  602    42
     augdopt5   0.3  101 |   15   34    0    14 |      14.396     15.089   34.71  0.2742 13.7769 |    1      43.79  43.79    0      0 |          1     43.79  43.79 |     2.27  19.68 |  620    36
     augdopt5   0.3  102 |   15   34    0    14 |      21.168     16.012   34.71  0.2944 13.8005 |    1      43.79  43.79    0      0 |          1     43.79  43.79 |     3.48  19.68 |  600    34
    augdopt10   0.3  100 |   20   34    0    18 |      18.918     11.566   32.05  0.3288 11.4652 |    1      43.79  43.79    0      0 |          1     43.79  43.79 |     4.81  19.68 |  599    34
    augdopt10   0.3  101 |   20   34    0    18 |      14.025     12.148   32.05  0.2582 11.6272 |    1      43.79  43.79    0      0 |          1     43.79  43.79 |     1.97  19.68 |  567    32
    augdopt10   0.3  102 |   20   34    0    18 |      17.030     11.316   32.05  0.3090 11.0851 |    1      43.79  43.79    0      0 |          1     43.79  43.79 |     1.39  19.68 |  599    34
    augdopt20   0.3  100 |   30   34    0    20 |       8.868      9.148   32.20  0.3073  5.1240 |    1       0.00  43.79    1      1 |          1      0.00  43.79 |     1.28  19.68 |  645    37
    augdopt20   0.3  101 |   30   34    0    20 |       9.764      7.741   32.20  0.2879  4.6746 |    1       0.13  43.79    1      1 |          1      0.13  43.79 |     0.97  19.68 |  668    38
    augdopt20   0.3  102 |   30   34    0    20 |      13.440      8.302   32.20  0.2982  4.7870 |    1       0.06  43.79    1      1 |          1      0.06  43.79 |     1.02  19.68 |  588    35

四、口径与措辞
  * 全程虚拟增设：新传感器在标定后的模型上模拟；论文须写为'设计与模拟验证'，现场安装留待后续。
  * 找回 = 普查同判据（解析零列→非零列）；σ 口径 = 贝叶斯后验 std（先验 15）。两者分开报，不混。
  * 本文件不含任何节点/链路/传感器编号；选点序列只在 data/placement_orders_pub_hanoi_synth25.npz。
